dy 315 309 302 295 288 281 273 266 258 251 243 235 227 219 211 203 195 187 179 171 163 
208 217 225 233 242 250 259 268 276 285 294 302 311 320 329 338 347 355 364 373 382 
357 365 372 380 388 396 404 412 421 429 438 447 456 465 475 485 494 504 515 525 536 
208 216 224 232 240 249 257 266 275 284 293 302 312 321 331 341 351 361 372 382 393 
279 267 256 244 233 221 209 198 186 175 163 152 140 129 117 105 94 82 70 59 47 
206 212 218 223 229 235 240 246 252 257 263 268 274 279 285 290 296 301 307 313 318 
257 253 247 240 232 223 213 203 191 180 167 155 142 129 115 102 88 75 62 50 37 
201 203 205 208 211 214 217 221 224 228 232 236 241 245 249 254 258 263 267 272 276 
391 397 403 410 416 423 430 437 444 452 460 468 476 485 494 503 513 523 534 545 556 
203 207 210 214 217 220 223 227 230 233 236 239 242 245 249 252 255 259 262 266 270 
