dy 301 297 292 287 283 278 273 267 262 257 251 246 241 235 230 224 218 213 207 202 197 
207 215 224 233 242 252 261 271 281 291 301 311 321 332 342 352 363 373 383 393 404 
345 351 357 364 371 378 385 392 399 407 414 421 428 436 442 449 456 462 468 474 479 
207 215 224 233 243 252 262 271 281 291 301 310 320 330 339 348 357 366 374 382 390 
262 251 241 231 221 211 201 191 181 171 161 150 140 129 118 107 96 85 73 61 49 
207 212 218 224 230 235 241 247 253 259 265 271 277 283 289 296 302 309 316 323 330 
227 219 211 203 194 186 177 168 159 149 140 130 120 111 101 91 80 70 60 50 39 
207 209 212 215 218 221 224 227 231 234 237 240 244 247 251 254 257 261 264 268 271 
402 411 419 427 435 443 452 460 468 477 485 494 503 513 522 532 542 552 563 574 585 
217 221 225 229 233 237 242 246 250 254 259 263 268 273 277 283 288 293 299 305 311 
