dy 304 299 294 289 284 279 274 268 263 258 252 247 242 236 231 226 220 215 210 205 200 
206 214 223 232 242 251 261 270 280 290 300 310 320 330 340 350 360 370 380 390 399 
345 351 358 364 371 378 386 393 400 408 415 423 430 437 444 451 458 465 471 477 483 
207 215 223 232 242 251 261 270 280 290 300 310 320 329 339 348 358 367 375 383 391 
262 251 241 231 221 211 201 191 181 171 160 150 139 129 118 107 96 84 72 60 48 
207 212 218 224 230 235 241 247 253 258 264 270 276 282 288 294 301 307 314 320 327 
227 219 211 203 195 186 177 168 159 150 140 131 121 111 101 91 81 71 60 50 39 
207 209 212 215 218 221 224 227 230 233 236 239 243 246 249 253 256 260 264 267 271 
402 411 419 427 435 443 452 460 468 477 485 494 503 513 522 532 542 552 563 574 585 
217 221 225 229 233 237 242 246 250 254 259 263 268 273 277 283 288 293 299 305 311 
