dy 304 299 294 289 284 279 274 268 263 258 252 247 242 236 231 226 220 215 210 205 200 
206 214 223 232 242 251 261 270 280 290 300 310 320 330 340 350 360 370 380 390 399 
345 351 358 365 372 379 386 393 401 408 416 424 431 438 446 453 460 466 473 479 485 
207 215 223 232 241 251 260 270 279 289 299 308 318 328 337 347 356 365 373 382 390 
263 253 243 233 223 213 202 192 182 172 161 151 140 129 118 107 96 84 72 60 48 
207 213 219 224 230 236 242 248 253 259 265 271 277 283 289 295 301 307 314 320 327 
227 219 211 203 195 186 177 168 159 150 140 131 121 111 101 91 81 71 60 50 39 
207 209 212 215 218 221 224 227 230 233 236 239 243 246 249 253 256 260 264 267 271 
402 411 419 427 435 443 452 460 468 477 485 494 503 513 522 532 542 552 563 574 585 
217 221 225 229 233 237 242 246 250 254 259 263 268 273 277 283 288 293 299 305 311 
