dy 311 305 299 293 287 281 275 269 262 256 250 244 237 231 225 218 212 206 199 193 187 
208 216 225 234 243 252 262 271 281 291 301 311 322 332 342 353 363 374 384 395 405 
352 358 364 370 377 384 392 400 408 416 425 433 442 451 459 468 477 485 493 502 510 
209 216 224 232 240 249 258 267 277 286 296 306 316 326 336 346 355 365 374 383 392 
268 257 246 235 225 214 204 193 183 172 161 151 140 129 118 107 96 84 72 60 48 
208 213 219 225 231 236 242 247 253 259 264 270 276 281 287 293 299 305 311 317 324 
242 235 227 219 210 201 192 183 173 163 153 142 131 120 109 98 86 75 63 51 39 
203 206 208 211 214 217 220 223 226 230 233 236 240 244 247 251 255 259 263 267 271 
396 405 414 423 432 441 450 458 467 476 485 494 504 513 523 533 544 555 566 577 590 
209 214 220 224 229 234 239 243 248 253 257 262 266 271 276 281 286 291 296 301 307 
