345 351 357 362 368 374 380 386 391 397 403 409 415 420 426 432 438 443 449 455 460 
209 218 227 236 245 254 263 272 281 290 299 308 317 326 334 343 351 360 368 376 383 
dy 299 293 288 282 277 272 266 261 255 250 244 238 233 227 221 215 209 203 196 190 183 
207 216 225 234 243 253 262 272 281 291 300 310 320 329 339 349 359 369 379 389 399 
258 253 247 240 233 225 216 207 197 187 177 165 154 142 129 117 104 90 77 63 49 
207 210 213 217 221 225 230 235 240 246 252 258 265 271 278 285 293 300 308 316 324 
231 224 218 210 203 195 187 179 170 161 152 142 132 122 111 100 89 77 65 53 40 
203 205 208 210 213 216 218 221 224 228 231 234 238 241 245 249 253 256 261 265 269 
398 404 411 418 426 435 444 454 464 474 485 496 507 517 528 539 550 561 571 581 590 
215 219 222 226 230 233 237 241 245 248 252 256 260 264 267 271 275 279 283 286 290 
