342 346 351 356 361 366 372 377 382 388 393 399 404 410 416 422 428 434 440 446 452 
209 217 225 232 240 248 256 264 273 281 289 298 307 315 324 334 343 353 362 372 382 
dy 299 293 287 281 275 269 263 257 251 245 239 233 227 220 214 207 200 193 186 178 170 
207 216 225 234 243 253 262 271 281 291 301 311 321 331 342 352 363 375 386 398 410 
226 218 210 202 194 185 177 168 159 150 140 131 121 111 101 91 81 70 59 49 37 
205 208 210 213 216 219 222 225 228 231 234 237 241 244 247 251 254 258 262 265 269 
389 399 408 418 428 438 448 458 468 478 488 498 508 518 528 537 547 557 567 576 586 
208 214 219 225 230 236 241 247 252 258 263 269 274 280 285 290 295 301 306 311 316 
258 250 241 232 223 213 204 194 183 173 162 152 141 129 118 107 95 84 72 61 49 
208 212 216 221 226 231 236 241 247 252 258 264 270 276 283 289 295 302 308 314 321 
