dy 313 307 299 292 283 274 264 254 243 232 220 208 196 183 170 156 142 128 114 100 85 
205 212 219 227 235 244 253 262 272 282 292 303 314 326 338 350 362 375 388 401 414 
359 367 374 382 389 397 406 414 422 431 440 449 458 467 477 487 496 506 517 527 538 
208 216 224 231 239 247 256 264 273 282 290 300 309 318 328 337 347 357 367 377 388 
275 263 251 239 227 215 204 192 181 169 158 146 135 124 112 101 90 78 67 55 44 
207 212 217 223 228 233 238 243 249 254 259 264 269 274 279 284 289 294 299 304 310 
257 253 247 240 232 224 214 204 193 182 170 158 146 133 121 108 96 83 71 60 49 
201 203 205 208 210 213 216 219 223 226 230 233 237 241 244 248 252 256 259 263 266 
391 394 396 399 402 405 408 411 414 417 420 424 427 431 435 439 444 449 454 459 465 
202 204 205 206 207 209 210 211 212 214 215 216 218 219 220 222 223 225 226 228 230 
