dy 314 308 302 295 288 282 275 268 261 254 246 239 231 223 216 208 199 191 182 174 165 
208 216 225 234 243 252 262 271 281 292 302 312 323 334 345 356 368 379 391 402 414 
355 360 365 371 378 385 393 401 409 418 427 436 446 456 466 476 486 496 506 516 526 
206 212 219 227 235 243 252 261 270 280 290 300 310 320 331 341 352 362 372 383 393 
270 259 248 237 226 215 204 194 183 172 161 151 140 129 117 106 95 83 71 59 47 
207 213 218 224 230 235 241 246 252 257 262 268 273 279 284 290 296 301 308 314 320 
248 240 231 222 213 204 194 184 173 163 152 141 130 119 108 96 85 73 62 50 38 
202 205 208 211 214 217 220 223 227 230 234 237 241 245 248 252 256 260 264 268 272 
396 405 414 422 431 439 448 457 465 474 483 493 502 512 522 533 544 555 566 579 591 
208 213 217 222 226 231 235 239 243 247 251 255 259 263 267 272 276 281 285 290 295 
