342 346 351 356 361 366 372 377 382 388 393 399 404 410 416 422 428 434 440 446 452 
209 217 225 232 240 248 256 264 273 281 289 298 307 315 324 334 343 353 362 372 382 
dy 299 293 287 281 275 269 264 258 252 246 240 234 228 222 216 210 204 198 191 185 178 
207 216 225 234 243 252 262 271 280 290 299 309 319 328 338 348 358 369 379 389 400 
250 243 235 227 218 210 201 192 183 173 163 153 142 131 120 109 97 85 72 59 46 
214 218 222 226 231 235 240 245 250 255 261 266 272 278 284 290 297 303 310 317 324 
226 221 214 208 200 193 185 177 168 159 150 140 130 120 109 98 87 76 64 52 39 
208 209 211 213 215 218 221 223 226 230 233 236 240 244 247 251 255 260 264 268 273 
382 392 401 411 421 432 442 452 463 474 484 495 506 516 527 537 547 557 567 577 586 
207 212 218 224 229 235 241 247 253 258 264 270 276 281 287 293 298 304 309 314 319 
