dy 306 301 296 291 285 280 274 269 263 257 252 246 240 234 228 223 217 211 205 199 193 
209 217 226 235 244 253 262 272 281 291 301 311 321 331 341 351 362 372 382 392 402 
352 358 364 371 378 385 392 400 407 415 423 431 439 447 456 464 471 479 487 494 502 
209 217 225 234 243 252 261 270 280 289 299 309 319 328 338 347 357 366 375 384 392 
266 255 245 234 224 214 203 193 182 172 161 151 140 129 118 107 96 84 72 60 48 
206 212 218 224 230 236 241 247 253 258 264 270 275 281 287 293 299 305 311 317 324 
232 223 215 206 197 188 179 169 160 150 141 131 121 111 101 91 81 71 60 50 39 
204 207 210 213 216 220 223 226 229 232 236 239 243 246 249 253 256 260 264 267 271 
396 405 414 423 432 441 450 458 467 476 485 494 504 513 523 533 543 554 565 577 589 
209 214 220 224 229 234 239 243 248 253 257 262 267 272 277 282 287 292 298 304 310 
