dy 311 305 299 293 287 281 275 268 262 255 249 242 236 229 222 215 208 201 194 186 179 
208 216 225 234 243 252 262 271 281 291 302 312 322 333 344 354 365 376 387 398 409 
352 357 363 370 377 384 392 400 408 417 426 435 444 453 463 472 482 491 500 509 518 
205 212 219 227 236 245 254 263 273 283 293 303 313 323 334 344 354 364 374 384 393 
270 259 248 237 226 215 205 194 183 173 162 151 140 129 118 107 96 84 72 60 48 
207 213 219 224 230 236 242 247 253 258 264 269 275 280 286 292 297 303 309 315 321 
248 240 231 223 213 204 194 184 174 164 153 143 132 121 109 98 86 75 63 51 39 
202 205 208 211 214 217 220 223 226 229 233 236 240 244 247 251 255 259 263 267 271 
396 405 414 423 432 440 449 458 466 475 484 493 503 512 522 532 542 553 565 576 589 
209 214 219 224 229 233 238 242 247 251 255 260 264 268 273 277 282 287 292 297 302 
