dy 314 308 301 295 288 281 274 267 259 252 244 236 229 220 212 204 195 187 178 169 160 
208 216 224 233 242 251 260 269 279 288 298 308 317 328 338 348 359 369 380 391 402 
357 365 372 380 388 396 404 412 421 429 438 447 456 465 475 485 494 504 515 525 536 
208 216 224 232 241 249 258 267 276 285 294 303 312 322 331 341 351 361 372 382 393 
276 264 252 240 229 217 206 195 184 173 162 151 140 129 118 106 95 83 71 59 47 
206 212 218 224 229 235 240 246 251 257 262 267 273 278 284 289 295 300 306 312 318 
248 240 231 222 213 204 194 184 173 163 152 141 130 119 108 96 85 73 62 50 38 
202 205 208 211 214 217 220 223 227 230 234 237 241 245 248 252 256 260 264 268 272 
391 397 403 410 416 423 431 438 446 455 463 473 483 493 504 516 528 542 556 570 586 
203 207 210 214 217 221 224 227 231 234 238 242 246 250 254 259 264 269 275 280 287 
