342 348 354 360 366 372 378 384 390 396 402 408 414 420 426 432 438 444 450 455 461 
208 217 226 235 244 253 263 272 281 290 299 308 317 326 335 344 353 361 370 378 386 
dy 299 293 287 281 275 269 264 258 252 246 240 234 228 222 216 210 204 198 191 185 178 
207 216 225 234 243 252 262 271 280 290 299 309 319 328 338 348 358 369 379 389 400 
258 249 241 232 223 214 205 196 186 177 167 156 146 135 124 112 100 87 74 60 46 
207 211 216 220 225 230 234 240 245 250 255 261 267 273 279 285 292 299 305 313 320 
231 224 218 210 203 195 187 179 170 161 152 142 132 122 111 100 89 77 65 53 40 
203 205 208 210 213 216 218 221 224 228 231 234 238 241 245 249 253 256 261 265 269 
385 392 400 409 418 428 438 448 459 469 480 491 503 514 525 536 546 557 567 577 586 
208 213 218 223 228 233 238 243 248 253 258 263 267 272 277 281 285 290 294 298 302 
