342 346 351 356 361 366 372 377 382 388 393 399 404 410 416 422 428 434 440 446 452 
209 217 225 232 240 248 256 264 273 281 289 298 307 315 324 334 343 353 362 372 382 
dy 299 293 287 281 275 269 263 257 251 245 239 233 227 220 214 207 200 193 186 178 170 
207 216 225 234 243 253 262 271 281 291 301 311 321 331 342 352 363 375 386 398 410 
227 219 211 203 195 186 177 168 159 150 141 131 122 112 102 92 81 71 60 49 37 
207 209 212 215 218 221 223 226 230 233 236 239 242 246 249 253 257 260 264 268 272 
387 397 406 416 425 435 445 455 465 475 486 496 506 516 526 537 547 557 566 576 586 
209 215 220 226 231 237 242 248 253 259 264 270 275 280 286 291 296 301 306 311 316 
263 258 252 244 236 227 218 208 197 186 174 162 150 137 125 112 99 86 74 61 49 
206 209 212 216 221 226 231 236 242 248 254 261 267 274 281 288 295 301 308 315 321 
