342 346 351 356 361 366 372 377 382 388 393 399 404 410 416 422 428 434 440 446 452 
209 217 225 232 240 248 256 264 273 281 289 298 307 315 324 334 343 353 362 372 382 
dy 299 293 287 281 275 269 264 258 252 246 240 234 228 222 216 210 204 198 191 185 178 
207 216 225 234 243 252 262 271 280 290 299 309 319 328 338 348 358 369 379 389 400 
258 249 241 232 223 214 205 196 186 177 167 156 146 135 124 112 100 87 74 60 46 
207 211 216 220 225 230 234 240 245 250 255 261 267 273 279 285 292 299 305 313 320 
231 224 217 210 203 195 187 178 170 160 151 141 131 121 110 99 88 76 65 52 40 
203 205 208 210 213 215 218 221 224 227 230 233 237 240 244 248 251 255 260 264 268 
382 391 400 409 419 429 440 450 461 472 482 493 504 515 526 536 547 557 567 577 586 
207 212 217 222 227 233 239 244 250 256 262 268 274 280 286 292 298 303 309 314 319 
