dy 306 300 295 290 285 279 274 268 263 257 252 246 240 234 228 223 217 211 205 199 193 
208 216 225 234 243 252 261 271 281 291 301 311 321 331 341 351 362 372 382 392 402 
345 351 357 364 371 378 385 393 400 408 416 424 432 439 447 455 462 470 477 484 490 
207 214 222 231 240 249 258 268 277 287 297 307 317 327 337 346 356 365 374 382 390 
265 255 244 234 224 213 203 193 182 172 161 151 140 129 118 107 96 84 72 60 48 
208 213 219 225 231 236 242 248 254 259 265 271 277 283 289 295 301 307 314 320 327 
227 219 211 203 195 186 177 168 159 150 140 131 121 111 101 91 81 71 60 50 39 
207 209 212 215 218 221 224 227 230 233 236 239 243 246 249 253 256 260 264 267 271 
401 409 417 426 434 443 451 459 468 476 485 494 503 512 522 532 542 552 563 574 585 
215 220 224 228 232 237 241 245 250 254 258 263 268 272 277 283 288 293 299 305 311 
