342 348 354 360 366 372 378 384 390 396 402 408 414 420 426 432 438 444 450 455 461 
208 217 226 235 244 253 263 272 281 290 299 308 317 326 335 344 353 361 370 378 386 
dy 299 293 287 281 275 269 264 258 252 246 240 234 228 222 216 210 204 198 191 185 178 
207 216 225 234 243 252 262 271 280 290 299 309 319 328 338 348 358 369 379 389 400 
258 249 241 232 223 214 205 196 186 177 167 156 146 135 124 112 100 87 74 60 46 
207 211 216 220 225 230 234 240 245 250 255 261 267 273 279 285 292 299 305 313 320 
231 224 217 210 203 195 187 178 170 160 151 141 131 121 110 99 88 76 65 52 40 
203 205 208 210 213 215 218 221 224 227 230 233 237 240 244 248 251 255 260 264 268 
385 393 401 410 420 429 440 450 461 472 483 494 505 516 527 538 549 559 569 579 589 
206 211 216 221 226 232 237 243 249 254 260 265 271 276 282 287 292 297 302 306 310 
