226 216 208 199 190 181 172 163 154 145 136 127 118 109 99 89 80 70 59 49 38 
206 209 212 216 219 222 225 228 231 235 238 241 244 247 251 254 258 261 264 268 272 
262 251 241 231 220 210 200 189 179 168 158 147 136 126 115 104 92 81 70 58 46 
208 213 218 224 229 235 240 245 251 257 262 268 274 279 285 291 297 303 310 316 323 
dy 299 294 289 284 279 274 268 262 257 251 245 239 232 226 220 213 207 200 193 186 179 
205 213 220 229 237 246 255 264 273 283 292 302 312 322 333 343 354 365 375 386 397 
342 346 350 354 359 364 368 374 379 384 390 396 402 408 415 422 429 437 444 453 461 
208 214 220 226 233 240 248 255 263 271 280 289 298 308 318 328 339 351 362 374 387 
374 382 391 400 409 419 429 440 451 462 473 485 496 508 520 531 543 555 566 577 589 
203 207 212 217 222 228 233 239 245 251 257 263 269 274 280 285 290 294 299 303 306 
