227 218 209 200 191 182 173 164 155 146 136 127 118 109 99 89 80 70 59 49 38 
207 210 213 216 219 222 225 228 231 234 237 240 243 246 250 253 257 260 264 268 272 
265 254 244 233 223 212 201 191 180 169 159 148 137 126 115 104 93 81 70 58 46 
205 210 216 222 227 233 238 244 250 255 261 267 273 279 285 291 297 303 310 316 323 
dy 299 295 291 286 282 277 272 267 262 256 251 245 240 234 228 222 216 209 203 197 190 
205 212 220 227 235 243 251 260 268 277 286 295 304 313 323 332 342 351 361 371 381 
342 346 350 354 359 364 368 374 379 384 390 396 402 408 415 422 429 437 444 453 461 
208 214 220 226 233 240 248 255 263 271 280 289 298 308 318 328 339 351 362 374 387 
374 382 390 398 407 416 425 434 444 454 464 474 485 496 508 519 532 544 557 570 584 
203 207 212 216 220 225 229 234 239 244 249 254 260 265 271 276 282 288 294 300 307 
