340 345 350 356 361 367 373 379 385 391 397 404 410 416 423 429 436 443 449 456 462 
207 214 222 230 239 247 256 265 274 284 293 303 312 322 331 341 351 360 370 379 389 
dy 299 295 290 286 281 275 270 264 257 251 244 237 230 223 215 208 200 192 184 176 168 
206 212 218 226 233 242 251 260 270 280 291 302 313 325 337 349 361 373 386 399 411 
260 250 240 230 219 209 199 189 178 168 157 147 136 125 114 104 93 82 70 59 48 
207 212 218 223 229 234 240 245 251 257 262 268 274 280 286 292 298 304 310 316 323 
378 387 396 405 415 426 436 447 458 469 480 491 502 513 524 535 546 556 567 577 587 
205 210 215 220 225 231 237 242 248 254 260 266 272 278 284 289 295 301 306 311 317 
236 228 219 209 199 189 178 167 156 145 134 123 112 101 91 81 71 62 53 46 38 
203 206 209 213 216 220 223 227 231 235 239 242 246 250 254 257 261 264 268 271 273 
