224 215 206 197 189 180 171 162 153 144 135 126 117 108 98 89 79 69 59 49 38 
207 210 213 216 219 222 225 228 231 234 237 241 244 247 250 253 257 260 264 267 271 
260 250 240 231 221 212 202 193 183 173 164 154 143 133 122 110 98 86 73 60 46 
207 212 217 222 227 233 238 243 248 253 258 264 269 275 281 287 294 301 308 315 323 
dy 299 294 289 284 279 273 268 262 256 250 244 238 231 225 218 212 205 198 191 184 177 
205 213 220 229 237 245 254 263 272 282 291 301 311 321 331 341 351 362 372 383 394 
340 344 348 353 357 362 367 372 377 382 388 393 399 405 412 418 425 432 440 448 456 
209 215 222 228 235 242 250 257 265 273 282 291 300 310 320 330 341 352 363 375 388 
380 389 397 407 416 426 436 447 457 468 479 491 502 513 524 535 546 557 567 578 588 
208 212 217 222 228 233 239 245 251 257 263 269 275 281 287 293 299 305 311 316 322 
