228 220 211 203 195 186 178 169 160 151 142 133 124 114 104 94 84 73 62 50 38 
208 211 214 217 219 222 225 228 231 234 237 240 243 247 250 254 257 261 265 269 273 
265 255 244 233 223 212 202 191 180 170 159 148 137 126 115 104 93 82 71 59 48 
205 211 217 223 228 234 240 246 252 258 263 269 275 281 287 293 299 305 311 317 323 
dy 299 295 291 286 282 277 272 267 262 256 251 245 240 234 228 222 216 210 204 198 191 
205 212 220 227 235 243 251 260 269 277 286 295 305 314 324 334 343 353 364 374 384 
341 345 349 354 358 363 368 373 378 383 388 394 399 405 411 417 423 429 435 442 449 
208 214 220 226 233 240 247 255 262 270 278 286 295 303 312 321 331 340 350 360 370 
371 375 379 384 389 394 400 407 415 423 432 443 454 466 479 493 509 526 544 563 584 
204 206 208 210 213 216 219 222 226 230 235 240 245 251 258 265 272 280 288 297 307 
