342 346 352 357 362 368 373 379 385 391 397 403 409 415 421 427 433 439 445 450 456 
206 213 221 230 238 247 256 265 274 283 293 302 312 321 331 340 350 359 368 377 386 
dy 298 294 290 285 280 275 269 263 257 250 243 236 229 222 214 206 198 190 182 173 165 
206 212 218 226 233 242 250 260 269 279 290 300 311 323 334 346 358 370 382 395 407 
260 250 240 230 220 210 201 191 181 171 161 150 140 129 118 107 96 84 73 60 48 
207 212 218 223 229 234 239 245 250 256 261 267 273 279 284 290 297 303 309 316 323 
385 393 401 410 420 429 439 449 460 470 481 492 503 513 524 534 545 555 565 574 583 
208 212 217 221 227 232 237 243 249 255 260 266 272 278 284 290 295 301 306 312 317 
227 220 213 206 198 189 181 172 163 153 144 134 124 114 103 92 81 70 59 48 37 
206 208 211 213 216 219 222 225 229 232 235 239 242 246 250 254 257 261 265 269 273 
