344 349 354 359 364 369 375 381 387 393 399 405 412 418 424 431 437 443 449 455 461 
208 215 223 231 239 247 256 265 274 283 292 302 311 320 330 339 348 357 366 375 384 
dy 301 297 292 287 282 277 271 265 259 252 246 239 231 224 216 209 201 193 184 176 168 
207 213 219 226 234 242 251 260 270 280 290 301 313 324 336 348 361 373 386 399 412 
261 251 241 231 221 211 201 191 181 171 161 151 140 130 119 108 97 86 74 62 50 
208 213 218 224 229 234 240 245 251 256 262 267 273 279 285 291 297 303 310 317 324 
385 393 401 410 420 430 440 450 461 472 483 494 505 516 527 538 549 560 570 580 590 
208 212 216 221 226 232 237 243 248 254 260 266 271 277 283 289 295 300 306 311 317 
227 220 213 206 198 189 181 172 163 153 144 134 124 114 103 92 81 70 59 48 37 
206 208 211 213 216 219 222 225 229 232 235 239 242 246 250 254 257 261 265 269 273 
