226 216 208 199 190 181 172 163 154 145 136 127 118 109 99 89 80 70 59 49 38 
208 211 214 217 220 223 226 229 232 235 238 241 244 248 251 254 258 261 264 268 272 
262 252 242 232 222 212 202 191 181 171 160 150 139 128 117 105 94 82 71 58 46 
208 213 218 224 229 235 240 245 251 257 262 268 274 279 285 291 297 303 310 316 323 
dy 299 294 289 284 279 273 268 262 256 250 244 238 231 225 218 212 205 198 191 184 177 
205 213 220 229 237 245 254 263 272 282 291 301 311 321 331 341 351 362 372 383 394 
340 344 348 353 357 362 367 372 377 382 388 393 399 405 412 418 425 432 440 448 456 
209 215 222 228 235 242 250 257 265 273 282 291 300 310 320 330 341 352 363 375 388 
380 389 397 407 416 426 436 447 457 468 479 491 502 513 524 535 546 557 567 578 588 
208 212 217 222 228 233 239 245 251 257 263 269 275 281 287 293 299 305 311 316 322 
