219 210 202 194 186 177 169 160 152 143 134 125 116 107 97 88 78 68 58 47 37 
206 209 212 214 217 220 223 226 229 232 235 238 241 245 248 251 255 258 262 265 269 
260 250 241 232 222 213 204 194 185 175 165 154 144 133 122 110 98 85 72 59 44 
207 211 216 221 226 231 236 241 246 251 256 262 267 273 279 285 291 297 304 310 317 
dy 299 294 289 284 279 273 267 262 256 250 243 237 231 224 218 211 204 197 190 183 176 
205 213 220 228 237 245 254 263 272 281 291 300 310 320 330 340 350 360 371 382 392 
340 344 348 353 357 362 367 372 377 382 388 393 399 405 412 418 425 432 440 448 456 
209 215 222 228 235 242 250 257 265 273 282 291 300 310 320 330 341 352 363 375 388 
384 392 401 410 419 429 439 449 459 470 481 492 503 514 525 535 546 557 567 578 588 
208 213 218 223 228 234 239 245 251 257 262 268 274 280 286 292 298 304 310 316 322 
