344 349 354 359 364 369 375 381 387 393 399 405 412 418 424 431 437 443 449 455 461 
208 215 223 231 239 247 256 265 274 283 292 302 311 320 330 339 348 357 366 375 384 
dy 301 297 293 288 283 277 272 266 259 253 246 239 232 225 218 210 202 194 186 178 170 
207 213 221 228 237 245 254 263 273 283 293 304 315 326 338 349 361 373 386 398 411 
261 252 244 235 226 217 207 197 187 177 167 156 145 134 123 111 99 87 75 63 50 
208 212 217 222 227 232 237 242 248 254 259 265 271 277 284 290 296 303 310 317 324 
385 393 401 410 420 430 440 450 461 472 483 494 505 516 527 538 549 560 570 580 590 
208 212 216 221 226 232 237 243 248 254 260 266 271 277 283 289 295 300 306 311 317 
227 220 213 206 198 190 181 173 164 154 145 135 125 115 104 93 82 71 60 48 37 
206 208 211 214 217 219 222 226 229 232 235 239 242 246 250 253 257 261 265 269 273 
