347 352 357 362 368 374 380 386 392 398 404 411 417 424 430 436 443 449 455 461 467 
208 216 224 233 241 250 259 268 277 286 296 305 314 324 333 342 352 361 370 378 387 
dy 300 296 292 287 283 277 272 266 261 255 248 242 236 229 222 215 209 202 195 188 181 
208 214 221 229 237 246 254 264 273 283 293 304 314 325 336 348 359 371 383 395 407 
261 252 244 235 226 216 207 197 187 176 166 155 144 133 121 109 97 85 73 60 47 
207 211 216 221 226 231 236 242 247 253 259 264 270 277 283 289 296 303 309 316 324 
385 393 401 410 420 430 440 450 461 472 483 494 505 516 527 538 549 560 570 580 590 
208 212 216 221 226 232 237 243 248 254 260 266 271 277 283 289 295 300 306 311 317 
225 218 211 203 196 188 179 171 162 153 144 134 124 114 104 94 83 72 61 50 38 
206 208 210 213 215 218 221 224 227 230 233 237 240 244 248 252 256 260 264 268 273 
