219 210 202 194 186 177 169 161 152 143 135 126 117 108 98 89 79 69 59 49 38 
206 209 212 214 217 220 223 226 228 231 234 237 240 243 246 249 253 256 259 263 266 
260 251 243 234 225 216 207 197 187 177 167 156 145 134 122 110 98 85 72 58 44 
204 208 213 218 222 227 232 237 243 248 253 259 265 271 277 283 290 296 303 310 317 
dy 299 294 289 283 277 272 266 260 254 247 241 235 228 222 215 208 202 195 188 181 174 
205 213 221 229 237 246 255 263 272 282 291 300 310 320 330 340 350 360 371 381 392 
341 345 349 353 358 362 367 372 377 382 388 393 399 405 412 418 425 432 440 448 456 
206 212 219 226 233 241 249 256 265 273 282 291 300 310 320 330 341 352 363 375 388 
384 392 401 411 420 430 440 450 461 471 482 493 503 514 525 536 546 557 567 577 587 
208 213 218 223 228 234 239 245 251 256 262 268 274 280 286 292 298 303 309 315 320 
