347 352 357 362 368 373 379 384 390 396 402 408 414 420 426 432 438 444 449 455 461 
208 216 224 232 241 249 258 267 276 285 294 303 312 321 330 339 349 358 367 375 384 
dy 301 297 293 288 283 278 272 266 261 254 248 241 235 228 221 214 206 199 191 184 176 
207 213 221 228 237 245 254 263 273 283 293 303 314 325 336 347 359 371 382 394 406 
261 252 244 235 226 216 207 197 187 176 166 155 144 133 121 109 97 85 73 60 47 
207 211 216 221 226 231 236 242 247 253 259 264 270 277 283 289 296 303 309 316 324 
385 393 401 410 420 430 440 450 461 472 483 494 505 516 527 538 549 560 570 580 590 
208 212 216 221 226 232 237 243 248 254 260 266 271 277 283 289 295 300 306 311 317 
225 218 211 203 196 188 179 171 162 153 144 134 124 114 104 94 83 72 61 50 38 
206 208 210 213 215 218 221 224 227 230 233 237 240 244 248 252 256 260 264 268 273 
