226 216 208 199 190 181 172 163 154 145 136 127 118 109 99 89 80 70 59 49 38 
206 209 212 215 218 222 225 228 231 234 237 240 243 246 250 253 256 260 264 268 272 
261 251 241 231 220 210 200 190 179 169 158 147 137 126 115 104 92 81 70 58 46 
206 211 217 222 228 233 239 244 250 256 261 267 273 279 285 291 297 303 310 316 323 
dy 299 294 289 284 279 274 268 262 257 251 245 239 232 226 220 213 207 200 193 186 179 
205 213 220 229 237 246 255 264 273 283 292 302 312 322 333 343 354 365 375 386 397 
342 346 350 354 359 364 368 374 379 384 390 396 402 408 415 422 429 437 444 453 461 
208 214 220 226 233 240 248 255 263 271 280 289 298 308 318 328 339 351 362 374 387 
374 382 390 398 407 416 425 434 444 454 464 474 485 496 508 519 532 544 557 570 584 
203 207 212 216 220 225 229 234 239 244 249 254 260 265 271 276 282 288 294 300 307 
