340 345 350 355 361 366 372 378 384 389 395 401 407 413 419 425 430 436 442 448 453 
207 214 222 230 239 247 256 265 274 284 293 302 312 321 331 340 350 359 368 377 386 
dy 298 294 290 285 280 275 269 263 257 250 243 236 229 221 214 206 198 189 181 173 164 
206 212 218 226 233 242 250 260 269 279 290 301 312 323 335 346 359 371 383 395 408 
260 250 240 230 220 210 201 191 181 171 161 150 140 129 118 107 96 84 73 60 48 
207 212 218 223 229 234 239 245 250 256 261 267 273 279 284 290 297 303 309 316 323 
381 390 399 408 417 427 437 448 458 469 480 491 502 513 524 535 546 556 567 577 588 
208 212 217 221 226 232 237 243 249 254 260 266 272 278 284 290 296 302 308 314 319 
231 223 215 207 198 189 180 170 161 151 141 130 120 109 99 89 78 68 58 48 38 
207 209 212 214 217 220 224 227 231 234 238 242 245 249 253 257 260 264 268 271 274 
