340 345 350 356 361 367 373 379 385 391 397 403 409 416 422 428 434 440 446 453 459 
207 214 222 230 239 247 256 265 274 284 293 303 312 322 331 341 351 360 370 379 389 
dy 298 294 290 285 280 275 269 263 257 250 243 236 229 221 214 206 198 189 181 173 164 
206 212 218 226 233 242 250 260 269 279 290 301 312 323 335 346 359 371 383 395 408 
260 250 240 230 220 210 201 191 181 171 161 150 140 129 118 107 96 84 73 60 48 
207 212 218 223 229 234 239 245 250 256 261 267 273 279 284 290 297 303 309 316 323 
381 390 399 408 418 428 438 448 459 470 481 492 502 513 524 535 546 556 566 576 586 
208 212 216 221 226 231 237 242 248 253 259 265 270 276 282 288 293 299 304 310 315 
233 225 217 208 199 189 180 170 159 149 139 128 118 107 96 86 76 66 56 47 37 
203 206 209 212 215 219 222 226 229 233 237 240 244 248 251 255 259 262 265 269 272 
