227 218 208 199 190 181 172 163 155 146 137 128 119 110 101 91 81 71 61 50 38 
207 210 213 217 220 223 226 229 232 235 238 241 244 247 250 254 257 260 264 268 272 
265 255 244 233 223 212 202 191 181 170 159 148 138 127 116 105 94 82 71 60 48 
205 211 217 222 228 234 240 245 251 257 262 268 274 280 286 292 298 304 310 316 323 
dy 299 295 291 286 282 277 272 267 262 256 251 245 240 234 228 222 216 209 203 197 190 
205 212 220 227 235 243 251 260 268 277 286 295 304 313 323 332 342 351 361 371 381 
341 345 349 354 358 363 368 373 378 383 388 394 399 405 411 417 423 429 435 442 449 
208 214 220 226 233 240 247 255 262 270 278 286 295 303 312 321 331 340 350 360 370 
371 375 379 384 389 394 400 407 415 423 432 443 454 466 479 493 509 526 544 563 584 
204 206 208 210 213 216 219 222 226 230 235 240 245 251 258 265 272 280 288 297 307 
