340 345 350 356 361 367 373 379 385 391 397 403 409 416 422 428 434 440 446 453 459 
207 214 222 230 239 247 256 265 274 284 293 303 312 322 331 341 351 360 370 379 389 
dy 299 295 290 286 281 275 269 263 257 250 244 236 229 222 214 206 198 190 182 173 165 
206 212 218 226 233 242 250 260 269 280 290 301 312 324 336 348 360 372 385 398 411 
260 250 240 230 220 210 201 191 181 171 161 150 140 129 118 107 96 84 73 60 48 
207 212 218 223 229 234 239 245 250 256 261 267 273 279 284 290 297 303 309 316 323 
381 390 398 408 417 427 437 448 458 469 480 491 502 513 524 535 546 556 567 577 587 
208 212 217 222 227 232 238 243 249 255 260 266 272 278 284 289 295 301 306 311 317 
236 228 219 209 199 189 178 167 156 145 134 123 112 101 91 81 71 62 53 46 38 
203 206 209 213 216 220 223 227 231 235 239 242 246 250 254 257 261 264 268 271 273 
