219 210 202 194 185 177 169 160 152 143 135 126 117 108 99 89 79 70 59 49 38 
206 208 211 214 216 219 222 224 227 230 233 236 239 242 245 248 251 254 257 260 264 
260 251 243 234 225 216 207 197 187 177 167 157 146 135 123 111 99 87 74 61 48 
204 208 213 218 222 227 232 237 242 248 253 259 264 270 276 282 288 295 301 308 315 
dy 297 292 287 281 276 270 265 259 253 247 241 234 228 221 214 208 201 194 187 179 172 
206 214 221 230 238 246 255 264 273 282 291 300 310 319 329 339 349 359 370 380 390 
341 345 349 353 358 362 367 372 377 382 388 393 399 405 412 418 425 432 440 448 456 
206 212 219 226 233 241 249 256 265 273 282 291 300 310 320 330 341 352 363 375 388 
384 392 401 411 420 430 440 450 461 471 482 493 503 514 525 536 546 557 567 577 587 
208 213 218 223 228 234 239 245 251 256 262 268 274 280 286 292 298 303 309 315 320 
