344 349 354 359 364 369 375 381 387 393 400 406 412 419 426 432 439 445 452 458 465 
207 214 222 230 239 247 256 265 274 284 293 303 312 322 331 341 351 360 370 379 389 
dy 301 297 292 287 282 276 270 264 258 251 244 237 229 222 214 206 197 189 181 172 163 
205 211 218 225 233 242 251 260 270 281 291 303 314 326 338 351 363 376 389 402 415 
260 250 240 230 220 210 201 191 181 171 161 150 140 129 118 107 96 84 73 60 48 
207 212 218 223 229 234 239 245 250 256 261 267 273 279 284 290 297 303 309 316 323 
385 393 402 412 421 431 441 451 461 472 482 493 503 514 525 535 545 556 566 575 585 
208 212 217 221 226 231 237 242 247 253 259 264 270 276 281 287 293 298 304 309 315 
227 220 213 206 198 189 181 172 163 153 144 134 124 114 103 92 81 70 59 48 37 
206 208 211 213 216 219 222 225 229 232 235 239 242 246 250 254 257 261 265 269 273 
