223 214 206 197 188 180 171 162 154 145 136 127 117 108 98 89 79 69 58 47 37 
207 210 213 216 219 222 225 228 231 234 237 240 243 246 249 252 255 258 262 265 269 
260 250 240 231 221 212 202 193 183 173 163 153 143 132 121 110 98 85 72 59 44 
207 212 217 222 227 233 238 243 248 253 258 264 269 275 281 287 293 300 307 314 322 
dy 299 294 289 284 279 273 268 262 256 250 244 238 231 225 218 212 205 198 191 184 177 
205 213 220 229 237 245 254 263 272 282 291 301 311 321 331 341 351 362 372 383 394 
340 344 348 353 357 362 367 372 377 382 388 393 399 405 412 418 425 432 440 448 456 
209 215 222 228 235 242 250 257 265 273 282 291 300 310 320 330 341 352 363 375 388 
384 392 401 410 419 429 439 449 459 470 481 492 503 514 525 535 546 557 567 578 588 
208 213 218 223 228 234 239 245 251 257 262 268 274 280 286 292 298 304 310 316 322 
