227 218 209 200 191 182 173 164 155 145 136 127 117 108 98 88 78 68 58 48 37 
205 208 211 214 217 220 223 226 229 233 236 239 242 246 249 253 256 260 263 267 271 
257 249 240 231 222 213 203 194 184 174 164 154 143 133 121 110 98 87 74 62 49 
208 213 218 223 228 233 238 243 249 254 260 266 271 278 284 290 297 304 311 318 325 
dy 299 296 293 289 286 282 278 274 270 265 261 256 251 246 241 236 231 226 221 216 211 
209 214 220 225 232 238 245 253 260 268 276 284 293 301 310 319 327 336 344 353 361 
344 350 355 361 367 372 378 384 390 397 403 409 416 423 429 436 444 451 458 466 473 
208 215 223 231 239 247 255 263 272 281 290 299 308 317 327 337 347 357 368 379 390 
378 386 394 403 412 421 431 441 451 461 472 483 494 505 517 528 540 552 564 576 588 
205 209 213 218 222 227 232 237 243 248 254 260 265 271 277 284 290 296 302 308 315 
