230 220 211 201 192 182 173 164 154 145 135 126 116 107 97 87 78 68 58 48 37 
207 210 213 216 220 223 226 229 233 236 240 243 247 250 254 257 261 264 268 272 275 
262 253 244 234 225 215 206 196 186 176 165 155 144 133 122 111 99 88 76 63 51 
205 211 217 223 228 234 240 246 252 258 264 270 276 283 289 296 302 309 316 323 331 
dy 302 299 296 292 289 285 281 277 273 268 264 259 255 250 245 240 236 231 226 221 217 
205 211 218 225 232 240 247 255 264 272 281 289 298 307 316 324 333 342 351 359 368 
349 353 358 364 369 375 380 386 393 399 405 412 419 426 433 441 448 456 464 472 480 
209 216 223 230 237 244 252 260 269 278 286 296 305 315 325 335 345 356 366 377 389 
380 386 392 399 405 412 419 427 435 443 452 462 472 483 494 506 519 533 547 563 579 
204 207 210 213 216 220 224 227 232 236 241 246 251 257 263 269 276 283 290 298 306 
