226 218 209 200 191 182 173 164 155 146 136 127 117 108 98 88 78 68 58 48 37 
206 209 212 215 218 222 225 228 231 235 238 241 245 248 252 255 259 262 266 270 273 
265 255 246 236 226 216 206 196 186 176 165 154 144 132 121 110 98 86 73 61 48 
205 211 217 222 228 234 240 245 251 257 263 269 275 281 287 294 301 307 314 321 329 
dy 301 298 295 291 287 283 279 275 270 266 261 256 251 247 242 237 232 227 222 217 212 
208 213 219 225 232 239 246 253 261 269 277 285 293 302 310 319 327 336 345 353 361 
344 350 355 361 367 372 378 384 391 397 403 410 417 423 430 438 445 452 460 468 476 
208 215 223 231 239 247 255 263 272 281 290 299 308 317 327 337 347 357 368 379 390 
378 386 394 403 412 421 431 441 451 461 472 483 494 505 517 528 540 552 564 576 588 
205 209 213 218 222 227 232 237 243 248 254 260 265 271 277 284 290 296 302 308 315 
