230 220 211 201 192 182 173 163 154 144 135 125 116 106 97 87 77 67 57 47 37 
207 210 214 217 221 224 227 231 234 237 241 244 247 251 254 258 261 265 269 272 276 
266 256 246 237 227 217 207 197 186 176 165 155 144 133 121 110 98 86 73 60 47 
206 212 217 223 229 235 241 246 252 258 264 271 277 283 290 297 303 310 317 325 332 
dy 303 300 296 293 289 285 281 277 272 268 264 259 255 250 246 241 236 232 227 223 219 
207 213 219 226 233 241 249 257 265 273 281 290 298 307 315 324 332 340 349 356 364 
346 351 357 362 368 374 380 386 392 399 405 412 418 425 432 440 447 454 462 470 478 
208 215 222 230 237 245 253 262 270 279 288 297 306 315 325 335 345 356 366 377 389 
380 386 392 399 405 412 419 427 435 444 453 463 474 485 497 510 524 538 554 570 588 
204 207 210 213 216 220 224 228 232 237 242 247 252 258 265 272 279 286 294 303 312 
