230 220 211 201 192 182 173 163 154 144 135 125 116 106 97 87 77 67 57 47 37 
207 210 214 217 221 224 227 231 234 238 241 244 248 251 255 259 262 266 270 274 278 
266 256 246 237 227 217 207 197 187 176 166 155 144 133 122 111 99 87 75 62 50 
206 212 217 223 229 235 241 246 252 259 265 271 277 284 290 297 304 311 319 326 334 
dy 302 299 296 292 289 285 281 277 273 268 264 260 255 251 246 241 237 232 228 224 219 
205 211 218 225 232 240 248 256 264 273 281 290 299 308 316 325 334 343 351 359 368 
349 353 358 364 369 375 380 386 393 399 405 412 419 426 433 441 448 456 464 472 480 
209 216 223 230 237 244 252 260 269 278 286 296 305 315 325 335 345 356 366 377 389 
380 386 392 399 405 412 419 427 435 444 453 463 473 485 497 509 523 537 552 569 586 
204 207 210 213 216 220 224 228 232 236 241 246 251 257 263 270 276 284 291 299 308 
