226 217 208 199 190 181 171 162 153 144 134 125 116 106 97 87 77 67 57 47 37 
206 209 213 217 220 224 227 230 234 237 241 244 247 251 254 258 261 265 269 272 276 
265 255 246 236 226 216 206 196 186 176 165 154 144 132 121 110 98 86 73 61 48 
205 211 217 222 228 234 240 245 251 257 263 269 275 281 287 294 301 307 314 321 329 
dy 303 300 296 292 288 284 280 276 272 267 263 258 254 249 245 240 236 231 227 223 219 
207 212 218 225 232 239 247 254 263 271 279 288 296 305 313 322 330 338 346 354 361 
346 351 357 362 368 374 380 386 392 399 406 413 420 427 434 442 450 458 466 474 483 
208 215 222 230 237 245 253 262 270 279 288 297 306 316 326 336 346 357 368 379 390 
380 386 393 401 409 418 427 437 447 457 468 480 491 503 515 527 539 552 564 576 589 
204 207 210 214 218 223 227 232 238 243 249 255 261 267 273 279 286 292 299 305 311 
