222 214 205 197 188 179 171 162 153 143 134 125 116 106 96 87 77 67 57 47 37 
207 209 212 215 218 222 225 228 231 235 238 242 245 249 252 256 259 263 266 270 273 
262 253 244 235 225 216 206 196 186 176 166 155 145 134 123 111 100 88 76 63 51 
205 210 216 222 227 233 239 245 251 257 263 269 276 282 289 295 302 309 316 323 331 
dy 302 299 296 292 289 285 281 277 273 268 264 259 255 250 245 240 236 231 226 221 217 
205 211 218 225 232 240 247 255 264 272 281 289 298 307 316 324 333 342 351 359 368 
348 353 358 363 368 374 379 385 391 397 403 410 416 423 430 438 445 453 461 469 478 
206 213 220 227 235 242 250 258 267 275 284 293 302 312 322 332 342 353 364 376 388 
380 386 392 399 405 412 419 427 435 443 452 462 472 483 494 506 519 533 547 563 579 
204 207 210 213 216 220 224 227 232 236 241 246 251 257 263 269 276 283 290 298 306 
