226 217 208 199 190 181 171 162 153 144 134 125 116 106 97 87 77 67 57 47 37 
206 209 213 217 220 224 227 230 234 237 241 244 247 251 254 258 261 265 269 272 276 
265 255 246 236 226 216 206 196 186 176 165 154 144 132 121 110 98 86 73 61 48 
205 211 217 222 228 234 240 245 251 257 263 269 275 281 287 294 301 307 314 321 329 
dy 301 298 295 291 287 283 279 275 271 266 261 257 252 247 242 237 233 228 223 218 213 
208 213 219 225 232 239 246 254 262 270 278 286 295 303 312 320 329 338 346 355 363 
344 350 355 361 367 373 379 385 391 398 404 411 418 425 432 439 446 453 461 468 476 
208 215 223 230 238 246 254 263 271 280 289 298 307 316 326 336 346 356 367 378 390 
378 386 394 403 412 421 431 441 451 461 472 483 494 505 517 528 540 552 564 576 588 
205 209 213 218 222 227 232 237 243 248 254 260 265 271 277 284 290 296 302 308 315 
