dy 309 305 301 297 293 289 285 281 277 273 269 265 261 257 253 249 245 240 236 232 227 
211 220 228 237 246 254 263 272 280 289 298 307 316 325 334 344 353 363 373 383 394 
388 397 406 416 425 435 444 454 464 474 484 494 504 514 524 535 545 555 565 575 585 
205 209 214 219 223 228 233 238 243 248 253 258 263 268 273 278 283 289 294 298 303 
350 355 361 368 374 382 389 397 404 413 421 429 437 446 454 463 471 479 487 495 502 
205 212 219 227 236 245 254 263 273 283 293 303 313 323 333 344 354 364 373 383 392 
269 257 245 234 222 211 200 190 179 169 158 148 137 127 116 106 95 84 73 61 50 
208 215 222 228 235 242 248 255 261 267 273 280 286 292 299 305 312 318 325 332 339 
207 198 188 179 170 161 152 143 134 125 117 108 100 91 83 75 67 60 52 45 37 
216 220 223 226 229 233 236 239 242 245 249 252 255 258 261 264 267 270 273 276 279 
