dy 306 302 298 294 290 286 283 279 275 271 267 264 260 256 252 248 244 240 235 231 226 
205 214 224 233 242 251 260 269 278 286 295 305 314 323 332 342 352 362 372 383 394 
388 398 407 417 427 437 447 456 466 476 486 496 506 517 527 537 547 556 566 576 586 
207 212 216 221 226 231 236 242 247 252 257 262 267 272 277 282 287 292 296 301 306 
350 355 361 368 374 381 388 395 403 410 418 425 433 441 449 457 465 473 481 489 497 
209 217 225 233 241 249 258 267 276 285 294 303 313 322 332 341 351 361 371 381 390 
261 255 248 241 233 225 216 207 197 187 177 166 155 143 131 119 106 93 80 66 52 
209 213 217 222 226 231 237 242 248 254 260 267 274 281 289 296 304 312 321 330 339 
226 218 210 201 192 183 174 165 155 145 135 125 115 105 95 85 75 65 56 46 37 
208 210 214 217 220 223 227 230 234 237 241 245 248 252 256 259 263 266 270 274 277 
