dy 305 301 297 293 289 285 281 277 273 270 266 262 258 254 250 246 242 238 234 230 226 
206 214 222 230 238 247 256 264 273 282 292 301 311 320 330 340 350 360 371 381 392 
388 398 407 417 427 437 447 456 466 476 486 496 506 517 527 537 547 556 566 576 586 
207 212 216 221 226 231 236 242 247 252 257 262 267 272 277 282 287 292 296 301 306 
350 355 361 368 374 381 388 395 403 410 418 425 433 441 449 457 465 473 481 489 497 
209 217 225 233 241 249 258 267 276 285 294 303 313 322 332 341 351 361 371 381 390 
236 228 221 213 204 196 188 179 171 162 153 143 134 124 114 104 94 84 73 62 51 
222 226 231 235 240 245 250 255 260 265 271 277 282 288 294 301 307 314 320 327 334 
222 215 207 199 190 182 173 164 155 145 136 126 117 107 97 87 77 67 57 47 37 
207 209 212 215 218 221 225 228 231 234 238 241 245 248 252 255 259 262 266 270 273 
