dy 309 305 301 297 292 288 284 280 276 272 268 264 259 255 251 247 242 238 233 228 224 
211 220 228 237 245 254 262 271 280 288 297 306 315 324 333 343 353 363 373 384 395 
388 397 406 416 425 435 445 454 464 474 484 495 505 515 525 536 546 556 567 577 588 
205 209 214 219 224 228 233 238 243 248 254 259 264 269 275 280 285 291 296 301 307 
350 355 361 368 374 382 389 397 404 413 421 429 437 446 454 463 471 479 487 495 502 
205 212 219 227 236 245 254 263 273 283 293 303 313 323 333 344 354 364 373 383 392 
269 257 246 234 223 212 202 191 180 170 159 149 138 127 117 106 95 84 73 61 50 
208 214 221 227 234 240 247 253 259 266 272 279 285 292 298 305 311 318 325 332 339 
207 198 188 179 170 161 152 143 134 125 117 108 100 91 83 75 67 60 52 45 37 
216 220 223 226 229 233 236 239 242 245 249 252 255 258 261 264 267 270 273 276 279 
