dy 302 298 293 289 285 280 276 272 267 263 259 254 250 246 241 237 233 229 224 220 216 
205 212 220 227 235 242 250 257 265 273 280 288 296 304 312 319 327 335 343 351 359 
386 397 407 417 427 437 447 457 467 477 487 497 507 517 527 537 547 557 567 578 588 
208 214 219 225 230 236 241 246 252 257 262 268 273 278 283 289 294 299 304 310 315 
340 344 349 354 360 366 372 378 384 391 398 405 412 419 426 433 440 447 454 461 468 
205 212 219 227 235 244 253 262 272 281 291 301 311 321 331 341 351 361 371 380 390 
252 244 236 227 218 209 199 190 180 169 159 148 138 127 116 104 93 82 70 59 47 
206 211 217 222 228 233 239 245 251 257 263 269 275 281 287 294 300 307 313 320 326 
210 204 197 191 184 176 168 161 152 144 135 126 117 108 98 89 79 70 60 50 40 
207 209 212 214 217 220 223 226 228 231 234 238 241 244 247 251 254 257 261 265 268 
