dy 302 298 293 289 285 280 276 271 267 263 258 254 249 245 240 236 231 226 222 217 212 
205 212 220 227 235 242 250 258 265 273 281 289 296 304 312 320 328 336 344 352 361 
386 397 407 417 427 438 448 458 468 479 489 499 509 519 529 539 549 559 569 578 588 
208 214 220 225 231 236 242 248 253 259 264 270 275 280 286 291 296 301 306 310 315 
343 346 349 352 356 360 364 368 373 377 382 387 392 397 402 407 412 417 422 426 430 
206 211 217 223 229 236 243 250 258 265 273 280 288 296 304 311 319 327 334 341 348 
248 237 226 215 205 195 185 175 166 156 147 137 128 118 108 98 88 78 68 57 45 
203 210 216 223 229 235 241 247 253 258 264 270 275 281 287 292 298 304 310 316 322 
117 113 109 105 102 98 94 91 87 83 79 75 72 68 64 60 55 51 47 42 37 
237 239 240 242 243 244 246 247 248 250 251 252 254 255 256 258 259 260 262 263 265 
