dy 302 298 293 289 285 280 276 272 267 263 259 254 250 246 241 237 233 229 224 220 216 
205 212 220 227 235 242 250 257 265 273 280 288 296 304 312 319 327 335 343 351 359 
386 397 407 417 427 438 448 458 468 479 489 499 509 519 529 539 549 559 569 578 588 
208 214 220 225 231 236 242 248 253 259 264 270 275 280 286 291 296 301 306 310 315 
343 346 349 352 356 360 364 368 373 377 382 387 392 397 402 407 412 417 422 426 430 
206 211 217 223 229 236 243 250 258 265 273 280 288 296 304 311 319 327 334 341 348 
252 243 234 225 216 206 196 186 176 166 156 145 135 124 113 102 92 81 69 58 47 
206 211 216 221 226 232 237 243 249 255 261 267 273 280 286 293 299 306 313 319 326 
210 204 197 191 184 176 168 161 152 144 135 126 117 108 98 89 79 70 60 50 40 
207 209 212 214 217 220 223 226 228 231 234 238 241 244 247 251 254 257 261 265 268 
