dy 309 305 301 296 292 288 284 280 275 271 267 262 258 254 249 244 240 235 230 225 219 
211 219 227 234 243 251 259 268 276 285 294 303 312 322 331 341 351 361 372 382 393 
388 397 406 416 425 435 445 454 464 474 485 495 505 515 526 536 547 558 568 579 590 
205 209 214 219 224 228 233 238 243 249 254 259 265 270 276 281 287 292 298 304 310 
350 355 361 368 374 381 389 396 404 412 420 427 435 443 451 458 466 473 480 487 493 
205 212 219 227 236 244 253 263 272 282 291 301 311 321 330 340 349 358 367 375 383 
269 257 246 234 223 212 202 191 180 170 160 149 139 128 118 107 96 86 75 64 52 
208 214 221 227 234 240 246 253 259 265 271 278 284 290 296 302 308 314 321 327 333 
207 198 188 179 170 161 152 143 134 125 117 108 99 91 83 75 67 59 51 44 37 
216 220 223 226 229 233 236 239 242 245 248 251 254 257 260 263 266 268 271 274 276 
