dy 303 299 295 291 287 283 278 274 270 266 262 257 253 249 245 241 236 232 228 224 220 
207 214 222 230 238 246 254 262 271 279 288 297 305 314 323 332 341 350 359 368 377 
386 396 405 415 425 434 444 454 465 475 485 495 506 516 526 537 547 557 568 578 588 
208 213 218 223 227 232 237 242 247 252 257 262 268 273 278 283 288 294 299 304 310 
342 348 354 361 367 374 381 388 395 402 410 417 424 432 439 447 454 461 469 476 483 
205 213 221 229 238 247 256 265 274 284 293 303 312 322 331 341 350 360 369 378 387 
250 242 234 225 215 205 195 185 174 163 152 141 130 119 108 97 87 76 67 58 49 
213 217 222 227 233 239 245 251 258 264 271 277 284 291 297 304 310 316 321 327 331 
189 181 174 166 158 151 143 135 127 119 111 103 95 87 79 72 64 57 50 43 37 
219 222 225 227 230 233 236 239 242 245 248 251 253 256 259 262 264 267 269 272 274 
