dy 307 303 299 294 290 285 281 276 272 268 264 259 255 251 247 244 240 236 233 230 226 
210 218 226 234 241 249 257 265 273 281 289 297 305 312 320 327 335 342 349 356 362 
388 397 406 416 425 435 445 454 464 474 485 495 505 515 526 536 547 558 568 579 590 
205 209 214 219 224 228 233 238 243 249 254 259 265 270 276 281 287 292 298 304 310 
351 357 362 368 374 380 386 392 399 406 413 420 428 435 443 451 459 467 475 483 492 
203 210 218 226 234 242 251 260 269 278 288 298 308 318 328 338 349 360 370 381 392 
269 257 245 234 223 211 200 189 178 167 157 146 135 124 114 103 92 82 71 60 50 
208 214 221 227 234 240 247 253 259 266 272 278 284 290 296 302 308 314 320 326 331 
207 198 188 179 170 161 152 143 134 125 117 108 99 91 83 75 67 59 51 44 37 
216 220 223 226 229 233 236 239 242 245 248 251 254 257 260 263 266 268 271 274 276 
