dy 311 306 302 298 294 290 286 282 278 274 271 267 263 259 255 251 247 243 239 235 231 
205 214 224 233 243 252 261 270 279 288 297 307 316 325 335 344 354 364 373 384 394 
388 397 406 416 425 435 444 454 464 474 484 494 504 514 524 535 545 555 565 575 585 
205 209 214 219 223 228 233 238 243 248 253 258 263 268 273 278 283 289 294 298 303 
350 355 361 367 374 381 388 395 403 411 419 427 435 444 452 461 469 478 487 496 504 
205 212 219 227 235 243 252 261 270 279 289 298 308 318 329 339 349 359 370 380 390 
226 220 214 208 201 194 186 178 170 162 153 144 135 125 115 105 94 84 73 61 50 
233 237 240 244 248 252 257 262 266 271 277 282 288 293 299 306 312 319 325 332 339 
207 198 188 179 170 161 152 143 134 125 117 108 100 91 83 75 67 60 52 45 37 
216 220 223 226 229 233 236 239 242 245 249 252 255 258 261 264 267 270 273 276 279 
