dy 309 305 301 297 292 288 284 280 276 272 268 263 259 255 251 247 242 238 234 229 225 
211 219 227 234 242 250 259 267 275 283 292 300 309 317 325 334 342 351 359 368 376 
388 397 406 416 425 435 445 454 464 474 485 495 505 515 526 536 547 558 568 579 590 
205 209 214 219 224 228 233 238 243 249 254 259 265 270 276 281 287 292 298 304 310 
351 357 362 368 374 381 387 394 401 408 416 423 431 439 446 454 462 470 478 487 495 
203 210 218 226 234 243 252 261 270 280 289 299 309 319 329 339 350 360 370 380 390 
269 257 245 234 223 211 200 189 178 167 157 146 135 124 114 103 92 82 71 60 50 
208 214 221 227 234 240 247 253 259 266 272 278 284 290 296 302 308 314 320 326 331 
207 198 188 179 170 161 152 143 134 125 117 108 99 91 83 75 67 59 51 44 37 
216 220 223 226 229 233 236 239 242 245 248 251 254 257 260 263 266 268 271 274 276 
