dy 309 305 301 297 293 289 285 281 278 274 270 266 263 259 255 251 247 243 239 234 230 
205 214 224 233 243 252 261 270 279 289 298 307 316 326 335 345 355 365 375 386 397 
388 397 406 416 425 435 444 454 464 474 484 494 504 514 524 535 545 555 565 575 585 
205 209 214 219 223 228 233 238 243 248 253 258 263 268 273 278 283 289 294 298 303 
350 355 361 367 374 381 388 395 403 411 419 427 435 444 452 461 469 478 487 496 504 
205 212 219 227 235 243 252 261 270 279 289 298 308 318 329 339 349 359 370 380 390 
255 248 241 233 225 216 207 198 188 178 167 157 146 134 123 111 99 87 75 62 50 
214 218 222 227 232 238 243 249 255 261 267 274 281 288 295 302 309 317 325 332 340 
211 204 197 190 182 175 167 159 151 142 134 125 116 107 98 89 79 69 59 49 39 
214 216 218 221 223 226 229 232 235 238 241 244 248 251 255 258 262 265 269 273 277 
