dy 302 298 293 289 285 280 276 271 267 263 258 254 249 245 240 236 231 226 222 217 212 
205 212 220 227 235 242 250 258 265 273 281 289 296 304 312 320 328 336 344 352 361 
386 397 407 417 427 438 448 458 468 479 489 499 509 519 529 539 549 559 569 578 588 
208 214 220 225 231 236 242 248 253 259 264 270 275 280 286 291 296 301 306 310 315 
343 346 349 352 356 360 364 368 373 377 382 387 392 397 402 407 412 417 422 426 430 
206 211 217 223 229 236 243 250 258 265 273 280 288 296 304 311 319 327 334 341 348 
252 243 234 225 216 206 196 186 176 166 156 145 134 124 113 102 91 79 68 57 45 
206 211 216 221 226 231 237 243 248 254 260 266 272 278 285 291 297 303 309 316 322 
168 163 158 152 147 142 137 132 126 121 115 109 103 97 90 83 75 67 59 50 40 
220 222 224 226 228 230 232 234 236 238 240 242 245 247 250 252 255 258 261 265 268 
