dy 309 305 301 297 293 289 285 281 278 274 270 267 263 259 255 251 247 243 239 235 231 
205 214 224 233 243 252 261 270 279 288 298 307 316 325 335 344 354 364 374 384 395 
388 397 406 416 425 435 444 454 464 474 484 494 504 514 524 535 545 555 565 575 585 
205 209 214 219 223 228 233 238 243 248 253 258 263 268 273 278 283 289 294 298 303 
350 355 361 367 374 380 387 395 402 409 417 425 433 441 449 457 465 474 482 490 498 
207 213 220 228 236 244 253 262 271 280 290 300 310 320 330 340 350 360 370 380 390 
255 248 241 233 225 216 207 198 188 178 167 157 146 134 123 111 99 87 75 62 50 
214 218 222 227 232 238 243 249 255 261 267 274 281 288 295 302 309 317 325 332 340 
151 146 140 135 130 124 119 114 108 103 97 92 86 80 74 68 63 57 50 44 38 
237 239 242 244 246 249 251 253 255 258 260 262 264 266 269 271 273 275 278 280 282 
