dy 303 299 294 290 286 281 277 273 269 265 261 256 252 248 244 240 236 232 228 223 219 
207 215 223 231 239 247 255 263 271 279 288 296 304 312 320 328 336 344 351 359 367 
386 396 406 415 425 435 444 454 464 474 484 494 504 514 524 534 545 555 565 576 586 
208 213 218 223 228 233 238 243 248 253 258 263 268 273 278 283 289 294 299 304 310 
342 348 354 361 368 374 381 388 396 403 410 417 425 432 439 446 454 461 468 475 482 
205 214 222 231 241 250 259 269 278 288 297 307 316 326 335 345 354 363 372 381 390 
253 245 236 227 218 209 199 189 179 169 158 147 137 126 115 104 93 82 71 60 49 
210 215 220 225 231 236 242 248 254 260 267 273 279 286 292 299 306 312 319 325 331 
189 181 173 165 157 149 141 133 125 118 110 102 94 86 79 71 64 57 50 43 37 
219 222 224 227 230 233 236 239 241 244 247 250 253 256 259 261 264 267 269 272 274 
