dy 307 303 299 294 290 285 281 276 272 268 264 259 255 251 247 244 240 236 233 230 226 
210 218 226 234 241 249 257 265 273 281 289 297 305 312 320 327 335 342 349 356 362 
388 397 406 416 425 435 445 454 464 474 485 495 505 515 526 536 547 558 568 579 590 
205 209 214 219 224 228 233 238 243 249 254 259 265 270 276 281 287 292 298 304 310 
351 357 362 368 374 380 386 392 399 406 413 420 428 435 443 451 459 467 475 483 492 
203 210 218 226 234 242 251 260 269 278 288 298 308 318 328 338 349 360 370 381 392 
269 257 245 234 223 211 200 189 178 167 157 146 135 124 114 103 92 82 71 60 50 
208 214 221 227 234 240 247 253 259 266 272 278 284 290 296 302 308 314 320 326 331 
211 201 192 183 174 165 155 146 137 128 119 110 102 93 85 76 68 60 53 45 38 
215 218 221 224 227 231 234 237 240 243 246 249 253 256 259 262 264 267 270 273 275 
