dy 300 296 292 288 284 280 276 271 267 262 258 253 248 243 239 234 229 224 218 213 208 
208 214 220 227 234 241 248 255 263 271 278 286 295 303 311 320 328 337 346 354 363 
387 396 405 414 423 432 442 451 461 471 481 491 501 511 521 531 542 552 563 573 583 
208 213 217 222 227 231 236 241 246 251 257 262 267 272 277 283 288 293 298 303 309 
260 250 240 231 221 211 201 191 181 170 160 150 139 128 117 106 95 83 71 59 47 
208 213 218 224 229 235 240 246 251 257 263 268 274 280 286 292 298 304 311 317 324 
346 352 358 364 370 376 382 389 395 401 407 413 419 425 432 438 444 450 456 463 469 
208 217 226 234 243 251 260 269 278 286 295 304 313 321 330 339 348 357 366 375 384 
228 222 216 210 203 196 189 182 174 166 157 148 138 128 117 106 94 82 68 55 40 
205 207 209 211 213 216 218 221 224 226 230 233 236 240 243 247 251 256 260 265 270 
