dy 305 301 297 293 289 285 281 277 273 269 265 260 256 252 247 243 238 233 229 224 219 
206 212 219 226 233 240 247 255 263 271 279 287 296 304 312 321 329 337 346 354 362 
387 396 405 414 423 432 442 451 461 471 481 491 501 511 521 531 542 552 563 573 583 
208 213 217 222 227 232 236 241 247 252 257 262 267 273 278 284 289 295 300 306 311 
248 241 232 224 215 206 196 187 177 167 156 146 135 125 114 103 93 82 71 60 50 
215 220 225 230 235 240 246 252 258 263 270 276 282 288 294 301 307 313 319 325 331 
348 354 360 366 373 379 385 392 398 404 411 417 423 430 436 442 448 455 461 467 473 
208 217 225 234 242 251 259 268 276 285 294 302 311 320 329 337 346 355 364 373 382 
237 229 221 213 205 196 187 178 169 160 150 140 130 120 109 98 87 76 64 52 40 
203 206 209 211 214 217 220 223 227 230 233 237 241 244 248 252 256 261 265 270 274 
