dy 305 301 297 293 289 285 280 276 272 267 262 258 253 248 243 239 234 229 224 219 214 
206 212 219 226 233 240 247 255 263 271 279 287 295 303 312 320 329 337 346 354 362 
387 396 405 414 423 432 442 451 461 471 481 491 501 511 522 532 543 553 564 574 585 
208 213 217 222 227 231 236 241 246 251 257 262 267 272 277 283 288 293 298 303 309 
257 249 240 231 222 212 202 191 181 170 159 148 137 125 114 103 92 81 71 60 50 
209 214 220 225 231 237 243 249 255 261 267 273 280 286 292 299 305 311 317 323 329 
346 352 359 365 372 378 385 391 398 404 410 417 423 430 436 442 448 455 461 467 473 
208 217 225 234 242 251 259 268 276 285 294 302 311 320 329 337 346 355 364 373 382 
232 224 217 209 202 194 187 179 171 163 155 146 137 127 116 105 94 82 69 55 40 
207 209 212 215 217 220 223 226 229 232 235 238 241 244 248 252 256 260 265 269 274 
