dy 302 298 295 291 287 283 279 275 271 267 263 259 254 250 246 242 237 233 229 225 220 
204 211 218 226 233 241 248 256 264 272 280 288 296 305 313 321 329 338 346 354 362 
386 395 403 412 421 430 440 450 460 470 480 490 500 511 522 532 543 554 565 576 587 
209 213 217 222 226 231 236 241 246 251 256 262 267 273 278 284 290 296 301 307 313 
265 259 252 244 236 227 217 207 196 185 174 162 150 138 125 113 100 87 74 62 49 
204 208 212 216 221 226 231 237 243 250 256 263 270 277 284 291 299 306 313 321 328 
342 347 351 356 361 366 371 377 383 389 395 402 409 416 424 432 440 448 457 467 476 
205 211 217 224 230 237 245 253 261 269 278 287 297 307 317 328 340 351 364 376 390 
228 222 216 210 204 197 190 182 175 166 158 149 139 129 118 107 95 82 69 55 40 
205 207 209 211 213 215 218 220 223 226 229 232 235 238 242 246 250 255 260 265 270 
