dy 301 296 291 286 280 274 268 262 255 248 241 234 227 220 213 205 198 190 183 176 168 
207 213 220 227 234 242 250 258 267 276 285 294 304 313 323 333 343 353 363 373 383 
343 347 351 355 359 363 367 371 376 380 384 389 393 397 402 406 410 414 418 422 426 
208 214 221 229 236 243 251 258 266 274 281 289 297 304 312 319 326 333 340 347 353 
260 249 238 227 216 205 195 185 174 164 154 144 134 124 114 103 93 83 73 62 51 
208 214 219 225 231 236 242 247 253 258 263 268 274 279 284 290 295 300 306 312 317 
386 393 400 407 415 423 432 441 450 459 469 478 489 499 510 521 533 545 557 570 582 
208 212 216 220 225 229 234 239 244 249 255 260 266 272 278 284 291 298 305 312 320 
204 196 188 180 172 164 156 147 139 131 123 115 107 98 90 81 73 64 55 46 37 
215 217 220 223 225 228 231 234 236 239 242 244 247 250 253 256 259 262 265 268 271 
