dy 305 301 297 293 289 284 280 275 270 265 261 256 251 246 241 236 231 225 220 216 211 
206 212 219 225 232 239 247 254 262 270 278 286 294 302 311 319 328 336 345 354 362 
387 396 405 414 423 432 442 451 461 471 481 491 501 512 522 533 543 554 564 575 586 
208 213 217 222 227 232 237 242 247 252 257 263 268 274 279 285 291 297 303 309 315 
261 252 243 234 225 215 205 195 185 175 164 153 142 131 120 108 96 84 72 60 48 
211 216 221 226 231 236 242 247 253 259 265 271 277 283 289 296 302 309 315 322 329 
346 352 358 364 370 376 382 389 395 401 407 413 419 425 432 438 444 450 456 463 469 
208 217 226 234 243 251 260 269 278 286 295 304 313 321 330 339 348 357 366 375 384 
232 224 217 209 202 194 187 179 171 163 155 146 137 127 116 105 94 82 69 55 40 
207 209 212 215 217 220 223 226 229 232 235 238 241 244 248 252 256 260 265 269 274 
