dy 299 295 291 287 283 279 275 271 266 262 257 253 248 243 238 233 228 223 218 212 207 
206 212 219 226 233 240 247 255 262 270 278 286 294 302 310 319 327 335 344 352 361 
387 396 405 414 423 432 441 451 461 471 481 491 501 512 522 533 544 554 565 576 587 
208 213 218 223 228 233 238 243 248 253 259 264 269 275 281 286 292 298 304 310 317 
259 248 238 227 216 206 195 185 174 164 153 142 132 121 111 100 90 79 68 58 47 
207 213 218 224 230 236 242 248 253 259 265 271 277 283 289 295 301 307 313 320 326 
346 350 355 360 365 370 375 381 386 392 398 404 411 417 424 430 437 444 451 458 466 
208 216 223 231 239 247 255 264 272 281 290 298 308 317 327 336 346 356 367 377 388 
228 222 216 210 204 197 190 182 175 166 158 149 139 129 118 107 95 82 69 55 40 
205 207 209 211 213 215 218 220 223 226 229 232 235 238 242 246 250 255 260 265 270 
