dy 303 299 296 292 288 285 281 277 273 268 264 260 255 251 246 241 237 232 227 222 217 
204 210 217 224 231 238 245 253 260 268 276 284 293 301 309 318 327 335 344 353 362 
387 397 406 416 425 435 444 454 464 473 483 493 503 514 524 534 545 556 567 578 589 
208 213 218 223 228 233 238 243 248 253 258 263 269 274 279 285 290 296 302 307 313 
351 357 363 369 375 382 388 394 400 406 412 419 425 431 438 444 451 457 464 471 478 
210 219 227 236 245 253 262 271 280 288 297 306 315 324 333 342 351 360 369 378 387 
222 215 208 201 193 185 177 169 160 151 142 132 122 112 102 92 81 70 59 47 36 
203 206 208 211 214 217 220 223 226 229 232 235 239 242 245 249 253 256 260 264 268 
262 255 249 241 233 225 215 206 196 185 174 163 151 139 126 114 101 88 74 61 47 
205 208 212 216 221 225 230 236 241 247 253 260 266 273 279 286 293 300 307 314 321 
