dy 300 296 292 288 284 280 276 271 267 262 258 253 248 243 239 234 229 224 218 213 208 
208 214 220 227 234 241 248 255 263 271 278 286 295 303 311 320 328 337 346 354 363 
387 396 405 414 423 432 442 451 461 471 481 491 501 511 521 531 542 552 563 573 583 
208 213 217 222 227 231 236 241 246 251 257 262 267 272 277 283 288 293 298 303 309 
259 248 238 227 216 206 195 185 174 164 153 142 132 121 111 100 90 79 68 58 47 
207 213 218 224 230 236 242 247 253 259 265 270 276 282 287 293 299 305 310 316 322 
346 351 356 361 366 372 378 384 390 396 403 409 415 422 428 435 441 448 454 460 466 
208 216 223 231 239 248 256 265 274 283 292 301 311 320 329 339 348 358 367 377 386 
228 222 216 210 204 197 190 182 175 166 158 149 139 129 118 107 95 82 69 55 40 
205 207 209 211 213 215 218 220 223 226 229 232 235 238 242 246 250 255 260 265 270 
