dy 302 298 295 291 287 283 279 274 270 266 262 257 253 248 244 240 235 231 227 223 219 
204 211 217 224 232 239 247 254 262 270 279 287 295 303 312 320 329 337 346 354 362 
386 395 404 413 422 432 441 451 461 471 481 491 501 512 522 533 543 554 565 576 587 
209 214 219 223 228 233 238 243 248 253 259 264 269 275 281 286 292 298 304 310 317 
265 259 252 244 236 227 217 207 196 185 174 162 150 138 125 113 100 87 74 62 49 
204 208 212 216 221 226 231 237 243 250 256 263 270 277 284 291 299 306 313 321 328 
342 347 352 357 363 368 374 380 386 392 399 405 412 418 425 432 440 447 454 462 470 
207 214 222 229 237 245 253 261 270 279 287 296 306 315 325 335 345 356 366 377 389 
228 222 216 210 204 197 190 182 175 166 158 149 139 129 118 107 95 82 69 55 40 
205 207 209 211 213 215 218 220 223 226 229 232 235 238 242 246 250 255 260 265 270 
