dy 305 301 297 293 289 285 281 277 273 269 265 260 256 252 247 243 238 233 229 224 219 
206 212 219 226 233 240 247 255 263 271 279 287 296 304 312 321 329 337 346 354 362 
387 396 405 414 423 432 442 451 461 471 481 491 501 511 521 531 542 552 563 573 583 
208 213 217 222 227 232 236 241 247 252 257 262 267 273 278 284 289 295 300 306 311 
260 251 241 231 221 211 201 190 179 168 157 146 135 124 114 103 92 81 70 60 50 
211 216 222 227 233 239 245 251 257 263 269 275 281 287 293 299 305 311 317 323 329 
346 352 359 365 372 378 385 391 398 404 410 417 423 430 436 442 448 455 461 467 473 
208 217 225 234 242 251 259 268 276 285 294 302 311 320 329 337 346 355 364 373 382 
232 224 217 209 202 194 187 179 171 163 155 146 137 127 116 105 94 82 69 55 40 
207 209 212 215 217 220 223 226 229 232 235 238 241 244 248 252 256 260 265 269 274 
