dy 299 295 292 288 285 281 277 273 268 264 259 255 250 245 240 236 231 226 221 216 211 
206 212 219 225 232 239 247 254 262 270 278 286 294 302 310 319 327 336 344 353 361 
387 396 405 414 423 432 441 451 461 471 481 491 501 512 522 533 544 554 565 576 587 
208 213 218 223 228 233 238 243 248 253 259 264 269 275 281 286 292 298 304 310 317 
259 248 238 227 216 206 195 184 174 163 152 142 131 121 110 99 89 78 68 58 47 
205 211 217 223 230 236 242 248 254 260 266 272 279 285 291 297 303 309 315 321 327 
341 346 351 356 362 368 373 379 385 391 398 404 410 417 424 430 437 444 451 458 466 
207 214 222 230 238 246 255 263 272 280 289 298 308 317 326 336 346 356 367 377 388 
228 222 216 210 204 197 190 182 175 166 158 149 139 129 118 107 95 82 69 55 40 
205 207 209 211 213 215 218 220 223 226 229 232 235 238 242 246 250 255 260 265 270 
