dy 301 297 292 286 281 275 269 263 257 250 244 237 230 223 216 209 201 194 187 179 172 
207 213 220 228 235 243 251 260 268 277 286 295 305 314 324 334 344 354 364 374 384 
345 349 352 356 360 364 368 372 376 380 385 389 393 397 402 406 410 414 418 422 426 
206 213 220 227 235 243 250 258 266 274 281 289 297 304 312 319 326 333 340 347 353 
267 255 243 231 220 209 198 187 176 166 155 145 134 124 113 103 92 81 70 59 48 
206 212 218 224 230 236 241 247 252 258 263 269 274 280 285 291 296 302 308 314 320 
386 393 400 407 415 423 432 440 449 459 468 478 488 498 509 520 531 543 554 567 579 
208 212 216 220 225 229 234 239 244 249 254 259 265 271 277 283 289 295 302 309 316 
204 196 188 180 172 164 156 147 139 131 123 115 107 98 90 81 73 64 55 46 37 
215 217 220 223 225 228 231 234 236 239 242 244 247 250 253 256 259 262 265 268 271 
