dy 304 300 296 291 287 282 277 273 268 263 258 253 248 243 238 233 228 223 219 214 210 
207 215 223 232 240 249 258 268 277 286 296 305 315 324 333 342 351 360 369 377 385 
346 351 357 363 369 375 382 388 395 401 408 415 422 429 437 444 452 459 467 475 482 
205 212 220 228 236 245 253 262 271 280 290 299 309 318 328 338 348 359 369 379 390 
265 254 242 231 220 209 198 187 176 165 154 144 133 123 112 102 91 81 71 60 50 
206 212 219 226 232 239 245 252 258 265 271 278 284 290 297 303 309 315 322 328 334 
389 397 405 413 422 431 441 450 460 471 481 491 502 513 523 534 545 556 566 577 588 
208 212 216 221 225 230 235 240 245 250 255 261 266 271 277 282 287 293 298 303 309 
190 187 183 179 174 168 162 156 148 141 133 124 116 107 98 88 78 68 59 48 38 
213 215 218 221 223 226 229 232 234 237 240 243 246 249 252 256 259 263 266 270 273 
