dy 302 298 294 289 285 280 275 270 265 260 255 250 244 239 233 227 222 216 211 205 199 
207 214 222 230 238 246 255 264 273 283 293 302 312 323 333 343 354 364 375 385 396 
345 351 356 362 368 375 381 388 395 402 409 416 423 430 437 444 451 458 465 472 479 
207 214 222 230 238 247 256 265 274 284 293 303 312 322 332 341 351 361 370 379 389 
265 254 243 231 220 209 198 187 176 165 154 144 133 122 112 101 90 80 70 59 49 
207 213 219 226 232 238 245 251 257 263 270 276 282 288 294 300 306 312 318 324 330 
389 397 404 413 422 431 440 450 460 470 480 491 502 513 524 535 546 557 568 579 590 
208 212 217 221 226 230 235 240 245 251 256 262 267 273 278 284 290 296 301 307 313 
230 223 216 209 201 192 183 174 164 155 145 135 124 114 103 93 82 72 61 51 41 
205 207 210 213 216 219 222 225 229 233 236 240 244 248 251 255 259 263 266 270 273 
