dy 301 297 292 287 282 276 271 265 259 253 247 240 233 227 220 213 206 198 191 183 175 
207 213 220 228 235 244 252 261 270 279 288 298 308 318 328 339 349 360 371 382 393 
345 349 354 358 363 367 372 377 382 386 392 397 402 408 414 420 426 432 439 446 453 
206 213 220 227 235 242 250 258 266 274 283 291 300 310 320 330 340 351 362 373 385 
265 253 241 230 219 208 197 186 176 165 155 145 134 124 113 103 92 81 70 59 48 
205 211 217 224 229 235 241 247 252 258 263 269 274 280 285 291 296 302 308 314 320 
386 393 400 408 416 424 432 441 450 459 468 478 488 499 509 520 531 543 555 567 579 
208 211 215 219 223 227 231 236 241 246 251 257 263 268 275 281 287 294 301 308 316 
164 161 158 154 151 146 142 137 132 127 121 115 109 103 97 90 83 76 69 62 55 
218 220 223 225 227 229 231 234 236 238 240 243 245 247 249 252 254 256 259 261 264 
