dy 297 292 287 282 276 271 265 259 253 247 240 234 227 220 214 207 200 193 185 178 171 
207 213 219 226 234 241 250 258 267 275 285 294 304 313 323 333 344 354 364 375 385 
342 345 348 351 355 359 364 368 373 378 384 389 395 401 406 412 419 425 431 437 444 
209 215 220 226 233 240 247 254 262 269 277 286 294 303 312 321 330 339 348 357 367 
262 250 238 226 214 203 191 180 169 159 148 137 127 116 106 95 84 74 63 51 40 
204 210 215 221 226 231 236 242 247 252 256 261 266 271 276 281 286 291 296 302 307 
382 389 396 404 413 422 432 442 452 463 474 485 497 508 520 532 543 555 567 578 590 
207 211 216 221 226 231 235 240 245 250 255 260 265 269 274 279 284 288 293 298 302 
219 211 203 195 187 179 171 162 154 145 137 128 119 110 101 91 81 71 61 50 39 
207 209 212 214 217 219 222 224 227 229 232 235 237 240 243 245 248 251 254 257 259 
