dy 301 296 291 285 279 273 267 260 254 247 240 233 226 219 212 205 198 190 183 176 168 
207 212 219 226 233 240 248 257 265 274 283 293 303 312 322 332 343 353 363 373 383 
343 347 351 355 359 362 366 370 374 378 383 387 391 395 399 404 408 412 416 421 425 
208 214 221 229 236 243 251 258 266 274 282 289 297 305 313 320 328 335 343 350 357 
260 248 237 226 215 205 194 184 173 163 152 142 132 122 111 101 90 80 69 58 47 
208 213 219 225 230 236 241 246 251 257 262 267 272 277 283 288 293 299 305 311 317 
386 393 400 408 416 424 432 441 451 460 470 480 490 501 512 523 534 546 558 570 582 
208 212 216 221 225 230 235 240 245 251 256 262 268 274 280 286 293 299 306 313 320 
204 196 188 180 172 164 156 148 140 132 124 116 108 100 92 84 75 66 57 48 39 
215 217 220 223 225 228 230 233 236 238 241 243 246 249 251 254 257 259 262 265 268 
