dy 300 297 293 289 285 281 277 273 268 264 259 255 250 246 241 236 232 227 223 218 213 
206 212 219 226 233 240 247 255 262 270 277 285 293 301 309 318 326 335 343 352 361 
387 397 407 417 426 436 446 456 465 475 485 495 505 515 525 536 546 557 568 579 590 
208 214 219 224 229 235 240 245 250 256 261 266 272 277 282 288 293 299 305 311 317 
344 350 356 362 368 374 381 387 394 401 407 414 421 428 434 441 448 455 461 468 474 
208 215 224 232 240 249 258 267 276 285 294 303 313 322 331 341 350 360 369 378 388 
227 220 212 204 196 187 178 169 160 151 141 132 122 112 102 91 81 70 60 49 38 
205 207 210 213 215 218 221 224 227 231 234 237 241 244 248 251 255 259 262 266 270 
263 257 250 242 234 225 216 206 196 186 174 163 151 139 127 114 101 88 75 62 48 
206 209 213 217 221 226 231 236 242 248 254 260 267 274 281 288 295 302 310 317 324 
