dy 299 295 292 288 285 281 277 273 268 264 259 255 250 245 240 236 231 226 221 216 211 
206 212 219 225 232 239 247 254 262 270 278 286 294 302 310 319 327 336 344 353 361 
381 391 400 410 420 429 439 449 460 470 480 490 501 511 522 533 543 554 565 576 587 
208 212 217 222 227 232 237 243 248 253 258 264 269 275 281 286 292 298 304 310 317 
265 259 252 244 236 227 217 207 196 185 174 162 150 138 125 113 100 87 74 62 49 
204 208 212 216 221 226 231 237 243 250 256 263 270 277 284 291 299 306 313 321 328 
341 346 351 356 362 368 373 379 385 391 398 404 410 417 424 430 437 444 451 458 466 
207 214 222 230 238 246 255 263 272 280 289 298 308 317 326 336 346 356 367 377 388 
228 222 216 210 204 197 190 182 175 166 158 149 139 129 118 107 95 82 69 55 40 
205 207 209 211 213 215 218 220 223 226 229 232 235 238 242 246 250 255 260 265 270 
