dy 304 300 296 291 287 282 278 273 269 264 260 255 251 247 243 240 236 233 230 228 226 
207 215 223 232 240 249 258 267 276 285 293 302 310 318 326 334 341 348 354 360 365 
346 351 357 363 369 375 382 388 395 401 408 415 422 429 437 444 452 459 467 475 482 
205 212 220 228 236 245 253 262 271 280 290 299 309 318 328 338 348 359 369 379 390 
265 254 242 231 220 209 198 187 176 165 154 144 133 123 112 102 91 81 71 60 50 
206 212 219 226 232 239 245 252 258 265 271 278 284 290 297 303 309 315 322 328 334 
389 397 405 413 422 431 441 450 460 471 481 491 502 513 523 534 545 556 566 577 588 
208 212 216 221 225 230 235 240 245 250 255 261 266 271 277 282 287 293 298 303 309 
153 151 148 144 140 136 131 125 119 113 106 99 92 85 78 71 64 57 51 44 38 
225 227 230 232 235 237 240 242 245 248 250 253 255 258 260 263 265 267 270 272 273 
