dy 297 292 287 282 276 271 265 259 253 246 240 233 227 220 213 206 199 192 184 177 169 
207 213 219 226 234 241 249 258 267 275 285 294 303 313 323 333 343 353 364 374 384 
342 346 349 353 356 360 365 369 373 378 382 387 392 397 401 406 411 416 420 425 430 
208 214 220 226 232 239 247 254 262 270 278 286 295 303 312 320 329 337 345 353 361 
262 251 239 228 216 205 194 183 173 162 151 141 130 120 109 99 88 77 67 56 44 
204 210 216 221 227 232 237 243 248 253 258 263 268 273 278 283 288 293 298 303 309 
386 393 400 408 416 424 433 442 452 461 471 482 492 503 514 526 537 549 561 573 586 
208 212 216 221 225 230 235 240 246 251 257 262 268 274 280 286 292 298 304 310 316 
229 220 211 201 192 182 173 164 154 145 135 126 116 106 97 87 78 68 58 49 39 
204 207 210 212 215 218 221 224 227 230 233 236 239 242 245 248 251 254 257 261 264 
