dy 301 297 292 287 282 277 271 265 260 254 247 241 235 228 221 214 207 200 193 186 179 
207 214 221 229 237 246 255 264 273 283 292 302 312 323 333 344 354 365 376 387 398 
350 353 357 362 366 371 375 380 385 391 396 402 408 414 420 426 432 439 446 452 459 
210 217 223 230 238 245 253 261 269 278 287 296 305 315 325 335 345 356 366 377 389 
265 253 241 230 219 207 196 186 175 164 154 143 132 122 111 101 90 79 68 57 45 
205 211 218 224 230 236 242 248 253 259 265 270 276 282 288 293 299 305 311 317 323 
386 393 400 408 416 424 432 441 450 459 468 478 488 499 509 520 531 543 555 567 579 
208 211 215 219 223 227 231 236 241 246 251 257 263 268 275 281 287 294 301 308 316 
141 138 134 130 127 123 118 114 109 104 100 94 89 84 78 72 66 60 53 47 40 
225 228 230 233 235 237 239 242 244 246 248 250 252 254 256 258 260 262 264 267 269 
