dy 301 296 291 285 279 273 267 260 254 247 240 233 226 219 212 205 198 190 183 176 168 
207 212 219 226 233 240 248 257 265 274 283 293 303 312 322 332 343 353 363 373 383 
342 346 349 353 356 360 365 369 373 378 382 387 392 397 401 406 411 416 420 425 430 
208 214 220 226 232 239 247 254 262 270 278 286 295 303 312 320 329 337 345 353 361 
260 248 237 226 215 204 193 183 172 162 151 141 130 120 109 99 88 77 67 56 44 
208 213 218 223 229 234 239 244 249 254 259 264 269 274 279 285 290 295 301 306 312 
386 393 400 408 416 424 433 442 452 461 471 482 492 503 514 526 537 549 561 573 586 
208 212 216 221 225 230 235 240 246 251 257 262 268 274 280 286 292 298 304 310 316 
225 217 210 201 193 184 175 166 156 146 137 127 116 106 96 86 76 66 56 46 37 
207 209 211 214 217 219 222 225 228 232 235 238 241 244 248 251 254 258 261 264 267 
