dy 297 292 287 282 276 271 265 259 253 247 240 234 227 220 214 207 200 193 185 178 171 
207 213 219 226 234 241 250 258 267 275 285 294 304 313 323 333 344 354 364 375 385 
343 348 353 359 364 369 374 380 385 390 395 401 406 412 417 422 428 433 438 444 449 
209 217 225 233 241 248 256 264 272 281 289 297 305 314 322 331 340 348 357 366 375 
262 250 238 226 214 203 192 180 169 158 147 137 126 115 105 94 84 74 63 53 43 
204 209 215 220 225 230 235 240 245 250 255 260 265 269 274 279 284 288 293 298 302 
377 385 394 403 412 422 431 441 451 461 472 482 493 503 514 525 536 548 559 570 582 
204 209 213 218 222 227 231 236 240 245 249 254 258 262 267 271 275 279 284 288 292 
198 191 183 176 168 160 153 145 137 129 121 113 105 97 88 80 72 63 54 45 37 
213 215 217 220 222 224 227 229 231 234 236 239 241 244 246 249 251 254 257 259 262 
