dy 301 296 291 285 279 273 267 260 254 247 240 233 226 219 212 205 198 190 183 176 168 
207 212 219 226 233 240 248 257 265 274 283 293 303 312 322 332 343 353 363 373 383 
343 347 351 355 359 362 366 370 374 378 382 387 391 395 399 403 407 412 416 420 424 
208 215 223 231 239 247 254 262 270 278 285 293 301 308 316 324 331 339 347 354 362 
260 248 237 226 215 204 194 183 173 162 152 141 131 120 110 99 88 77 66 55 44 
208 213 218 224 229 234 239 245 250 255 260 266 271 276 282 287 293 298 304 310 316 
386 393 400 408 416 424 432 441 451 460 470 480 490 501 512 523 534 546 558 570 582 
208 212 216 221 225 230 235 240 245 251 256 262 268 274 280 286 293 299 306 313 320 
215 206 197 189 180 171 162 154 145 136 127 118 110 101 92 82 73 64 55 45 36 
209 212 215 218 221 224 227 230 233 235 238 241 244 247 250 253 256 259 262 265 268 
