dy 304 300 295 291 286 281 276 271 266 261 256 251 246 241 236 231 226 221 217 212 207 
207 214 222 230 238 247 255 264 274 283 293 302 312 322 332 341 351 361 370 379 389 
346 351 357 363 369 375 382 388 395 402 409 416 423 431 438 446 454 462 470 478 487 
205 212 220 228 236 245 253 262 271 280 290 299 309 318 328 338 348 358 368 378 389 
265 254 242 231 220 208 197 186 176 165 154 144 133 123 113 103 92 83 73 63 53 
206 212 219 226 232 239 245 251 258 264 270 276 282 288 294 300 306 312 318 324 330 
389 397 405 413 422 431 441 450 460 471 481 491 502 513 523 534 545 556 566 577 588 
208 212 216 221 225 230 235 240 245 250 255 261 266 271 277 282 287 293 298 303 309 
230 223 216 208 200 192 183 173 164 154 144 134 123 113 102 92 81 71 60 50 40 
205 207 210 212 215 218 221 225 228 231 235 238 242 246 249 253 257 260 264 267 271 
