dy 300 297 293 289 285 281 277 273 268 264 259 255 250 246 241 236 232 227 223 218 213 
206 212 219 226 233 240 247 255 262 270 277 285 293 301 309 318 326 335 343 352 361 
387 397 407 417 426 436 446 455 465 474 484 494 504 514 524 534 544 555 565 576 587 
208 214 219 224 229 234 240 245 250 255 261 266 271 277 282 288 294 299 305 311 317 
342 347 353 359 365 371 377 383 390 396 403 410 416 423 430 437 444 452 459 466 473 
208 215 223 231 239 248 256 265 274 282 291 301 310 319 329 339 348 358 368 378 389 
227 219 211 202 194 185 176 168 159 149 140 131 121 111 101 91 81 71 60 49 38 
205 208 211 214 217 220 223 226 229 233 236 239 242 246 249 252 256 259 263 266 270 
263 257 250 242 234 225 216 206 196 186 174 163 151 139 127 114 101 88 75 62 48 
206 209 213 217 221 226 231 236 242 248 254 260 267 274 281 288 295 302 310 317 324 
