dy 300 297 293 289 286 282 278 274 271 267 262 258 254 250 245 241 236 232 227 222 217 
206 212 219 226 233 240 247 255 262 270 278 286 294 302 310 318 327 336 344 353 362 
387 397 406 416 425 435 444 454 464 473 483 493 503 514 524 534 545 556 567 578 589 
208 213 218 223 228 233 238 243 248 253 258 263 269 274 279 285 290 296 302 307 313 
351 357 363 369 375 382 388 394 400 406 412 419 425 431 438 444 451 457 464 471 478 
210 219 227 236 245 253 262 271 280 288 297 306 315 324 333 342 351 360 369 378 387 
222 215 208 201 193 185 177 169 160 151 142 132 122 112 102 92 81 70 59 47 36 
203 206 208 211 214 217 220 223 226 229 232 235 239 242 245 249 253 256 260 264 268 
260 254 247 240 232 224 215 205 195 185 174 163 151 139 126 114 101 88 74 61 47 
205 208 212 216 221 225 231 236 242 248 254 260 267 273 280 287 294 302 309 316 324 
