dy 297 292 287 282 276 271 265 259 253 246 240 233 227 220 213 206 199 192 184 177 169 
207 213 219 226 234 241 249 258 267 275 285 294 303 313 323 333 343 353 364 374 384 
342 344 346 349 352 356 360 364 369 374 379 385 390 396 402 408 414 419 425 430 436 
208 212 216 222 227 234 240 248 256 264 272 281 290 299 308 318 327 337 346 356 365 
262 250 238 227 215 204 193 182 171 160 150 139 128 118 107 97 86 75 65 54 43 
204 210 215 220 226 231 236 241 246 251 256 261 266 271 276 281 286 292 297 302 308 
382 389 397 406 414 424 433 443 453 464 475 485 497 508 519 530 542 553 564 576 587 
207 211 216 221 226 231 236 241 246 251 257 262 267 272 277 283 288 293 298 303 308 
224 218 211 204 197 190 182 174 166 157 148 139 129 119 109 98 87 75 63 51 38 
205 207 209 211 213 216 218 220 223 226 228 231 234 237 240 244 247 251 255 259 263 
